45.0 1.2962499999999999 0.010606601717798212 2.125 0.018749999999999996
40.100000000000001 1.07125 0.010606601717798212 1.7774999999999999 0.013258252147247762
35.0 0.86374999999999991 0.010606601717798212 1.4674999999999998 0.010606601717798212
29.899999999999999 0.70250000000000012 0.0079549512883486575 1.2324999999999999 0.0088388347648318422
24.989999999999998 0.61124999999999985 0.0075259966117451832 1.10375 0.0079549512883486575
20.02 0.59899999999999998 0.0094999999999999998 1.0840000000000001 0.0094999999999999998
15.050000000000001 0.68000000000000005 0.010500000000000001 1.2010000000000001 0.010500000000000001
10.01 0.83399999999999996 0.013000000000000001 1.429 0.0135
0.0 1.2662500000000001 0.012374368670764581 2.0825 0.017499999999999998
5.0300000000000002 1.026 0.013000000000000001 1.718 0.013000000000000001
-2.0600000000000001 1.37625 0.011940608234089248 2.2462499999999999 0.012823927830426992
