45.0 0.0043883315400398675 7.4422546130220108e-05 0.004186897741404013 6.8051624909924632e-05 0.0051004957000656079 2.8059418164546054e-05 0.0049195080630403754 3.8371645693819615e-05
40.100000000000001 0.007346214621619108 4.491450156256398e-05 0.0059624480175923013 4.7357782207129249e-05 0.0068663269887205593 1.9724533563233611e-05 0.0065739697672870523 2.9788222155668732e-05
35.0 0.011069011365788986 4.7084827319454445e-05 0.0077155031963272221 5.0792316291081736e-05 0.0090302921289548942 2.6783929320246863e-05 0.0082579125398990968 2.325624124659712e-05
29.899999999999999 0.020628473677251652 0.00037631909254985999 0.012136306075654085 0.00025386491304390911 0.015260858768928628 7.9160095915162593e-05 0.013297394593384882 4.793298865440206e-05
24.989999999999998 0.021233315062290155 0.00023312196231237373 0.01178846088331148 0.00016856338369112181 0.015932899965988429 0.0001027069234451523 0.012896217979763491 5.9970891628657033e-05
20.02 0.024849785714287996 0.00022191329433831361 0.014222614611061805 0.00021474245773060586 0.018602551059695705 0.00014912766747811129 0.015504042376183932 0.00010529057138525584
15.050000000000001 0.024922971813723983 0.00013740788043464048 0.015228960470347918 4.1992950726114595e-05 0.017957606061827724 3.6922265369850758e-05 0.015320010755029541 2.6240899276983079e-05
10.01 0.013574987522280198 3.9884673713480796e-05 0.0098618256093719638 0.00013202887724647245 0.011273980377488807 2.4384808880906211e-05 0.009723247393797204 2.8027390991963806e-05
0.0 0.0058981616641551361 8.6262255443094244e-05 0.0051298208509500554 6.8373423216994331e-05 0.0062292842676627755 1.950513777952465e-05 0.0055413208355122503 3.5201375154044295e-05
5.0300000000000002 0.0082279154929579459 5.5830241563285717e-05 0.0058432546336847861 9.335921773854788e-05 0.007117781529484093 2.5917694068591642e-05 0.0058909280853782723 2.6308204838400053e-05
-2.0600000000000001 0.0049890239010941329 4.4515697307784732e-05 0.0046931666217202659 3.4179129969900069e-05 0.0057015054275158066 2.0923430593714201e-05 0.0051861650381104466 1.7934596029911649e-05
